Date,DailyCases,CumulativeCases,Deaths
20200228,1,3,0
20200229,0,3,0
20200301,2,5,0
20200302,1,6,0
20200303,3,9,0
20200304,6,15,0
20200305,2,17,0
20200306,6,23,0
20200307,6,29,0
20200308,3,32,0
20200309,16,48,0
20200310,21,69,0
20200311,26,95,0
20200312,38,133,1
20200313,48,181,1
20200314,19,200,3
20200315,12,212,3
20200316,21,233,4
20200317,43,276,6
20200318,41,317,6
20200319,49,366,9
20200320,83,449,14
20200321,66,515,20
20200322,75,590,25
20200323,138,728,29
20200324,168,896,36
20200325,188,1084,46
20200326,223,1307,57
20200327,274,1581,68
20200328,205,1786,97
20200329,197,1983,117
20200330,320,2303,144
20200331,340,2643,182
20200401,388,3031,226
20200402,351,3382,262
20200403,379,3761,319
20200404,259,4020,346
20200405,225,4245,390
20200406,404,4649,452
20200407,351,5000,499
20200408,343,5343,551
20200409,304,5647,614
20200410,329,5976,669
20200411,185,6161,721
20200412,220,6381,767
20200413,359,6740,806
20200414,346,7086,856
20200415,331,7417,897
20200416,427,7844,938
20200417,394,8238,975
20200418,264,8502,1026
20200419,159,8661,1070
20200420,776,9437,1131
20200421,399,9836,1181
20200422,340,10176,1225
20200423,314,10490,1273
20200424,305,10795,1311
20200425,184,10979,1358
20200426,172,11151,1401
20200427,430,11581,1461
20200428,380,11961,1501
20200429,430,12391,1538
20200430,335,12726,1581
20200501,368,13094,1629
20200502,217,13311,1673
20200503,189,13500,1709
20200504,330,13830,1749
20200505,289,14119,1799
20200506,306,14425,1842
20200507,290,14715,1881
20200508,254,14969,1915
20200509,177,15146,1949
20200510,150,15296,1976
20200511,262,15558,2007
20200512,230,15788,2037
20200513,198,15986,2079
20200514,212,16198,2113
20200515,152,16350,2137
20200516,103,16453,2165
20200517,92,16545,2191
20200518,140,16685,2214
20200519,182,16867,2242
20200520,121,16988,2263
20200521,111,17099,2286
20200522,92,17191,2302
20200523,50,17241,2311
20200524,54,17295,2318
20200525,97,17392,2332
20200526,77,17469,2345
20200527,66,17535,2361
20200528,55,17590,2377
20200529,29,17619,2388
20200530,40,17659,2394
20200531,23,17682,2400
20200601,38,17720,2403
20200602,45,17765,2409
20200603,35,17800,2417
20200604,35,17835,2419
20200605,24,17859,2428
20200606,22,17881,2431
20200607,17,17898,2438
20200608,18,17916,2443
20200609,27,17943,2444
20200610,29,17972,2449
20200611,21,17993,2451
20200612,30,18023,2453
20200613,23,18046,2456
20200614,13,18059,2460
20200615,21,18080,2463
20200616,17,18097,2469
20200617,33,18130,2472
20200618,14,18144,2475
20200619,23,18167,2475
20200620,6,18173,2478
20200621,9,18182,2480
20200622,11,18193,2483
20200623,20,18213,2484
20200624,8,18221,2485
20200625,19,18240,2485
20200626,6,18246,2485
20200627,4,18250,2489
20200628,3,18253,2490
20200629,14,18267,2491
20200630,8,18275,2491
20200701,11,18286,2491
20200702,13,18299,2491
20200703,6,18305,2492
20200704,5,18310,2492
20200705,2,18312,2493
20200706,8,18320,2493
20200707,11,18331,2493
20200708,10,18341,2493
20200709,8,18349,2493
20200710,12,18361,2493
20200711,9,18370,2493
20200712,2,18372,2493
20200713,17,18389,2493
20200714,10,18399,2493
20200715,16,18415,2493
20200716,21,18436,2493
20200717,8,18444,2493
20200718,13,18457,2493
20200719,17,18474,2493
20200720,13,18487,2493
20200721,19,18506,2493
20200722,16,18522,2493
20200723,23,18545,2493
20200724,11,18556,2493
20200725,3,18559,2493
20200726,7,18566,2493
20200727,13,18579,2493
20200728,22,18601,2493
20200729,28,18629,2493
20200730,27,18656,2493
20200731,21,18677,2493
20200801,23,18700,2493
20200802,19,18719,2493
20200803,62,18781,2493
20200804,58,18839,2493
20200805,67,18906,2493
20200806,65,18971,2493
20200807,46,19017,2493
20200808,27,19044,2493
20200809,26,19070,2493
20200810,59,19129,2493
20200811,63,19192,2493
20200812,49,19241,2493
20200813,59,19300,2493
20200814,50,19350,2493
20200815,20,19370,2493
20200816,33,19403,2493
20200817,75,19478,2493
20200818,78,19556,2493
20200819,93,19649,2494
20200820,141,19790,2494
20200821,91,19881,2494
20200822,51,19932,2495
20200823,67,19999,2496
20200824,59,20058,2496
20200825,72,20130,2496
20200826,98,20228,2496
20200827,97,20325,2496
20200828,105,20430,2497
20200829,94,20524,2497
20200830,102,20626,2497
20200831,143,20769,2497
20200901,199,20968,2497
20200902,192,21160,2498
20200903,202,21362,2499
20200904,170,21532,2500
20200905,137,21669,2500
20200906,154,21823,2500
20200907,167,21990,2500
20200908,103,22093,2500
20200909,223,22316,2500
20200910,231,22547,2500
20200911,216,22763,2500
20200912,214,22977,2500
20200913,178,23155,2501
20200914,186,23341,2504
20200915,238,23579,2504
20200916,280,23859,2504
20200917,265,24124,2505
20200918,270,24394,2506
20200919,236,24630,2506
20200920,320,24950,2509
20200921,454,25404,2511
20200922,497,25901,2513
20200923,572,26473,2514
20200924,716,27189,2516
20200925,576,27765,2517
20200926,437,28202,2519
20200927,359,28561,2521
20200928,625,29186,2524
20200929,661,29847,2525
20200930,793,30640,2529
20201001,777,31417,2533
20201002,818,32235,2534
20201003,702,32937,2536
20201004,744,33681,2539
20201005,1099,34780,2539
20201006,1192,35972,2542
20201007,1250,37222,2550
20201008,1171,38393,2561
20201009,1096,39489,2567
20201010,942,40431,2577
20201011,959,41390,2586
20201012,1361,42751,2593
20201013,1423,44174,2604
20201014,1290,45464,2610
20201015,1294,46758,2626
20201016,1251,48009,2642
20201017,862,48871,2651
20201018,828,49699,2672
20201019,1355,51054,2687
20201020,1684,52738,2703
20201021,1580,54318,2714
20201022,1503,55821,2731
20201023,1287,57108,2748
20201024,954,58062,2767
20201025,939,59001,2788
20201026,1345,60346,2817
20201027,1308,61654,2832
20201028,1268,62922,2857
20201029,1098,64020,2883
20201030,1106,65126,2918
20201031,745,65871,2942
20201101,974,66845,2976
20201102,1478,68323,3003
20201103,1392,69715,3036
20201104,1303,71018,3055
20201105,1294,72312,3092
20201106,1141,73453,3118
20201107,844,74297,3153
20201108,878,75175,3188
20201109,1295,76470,3226
20201110,1290,77760,3259
20201111,1250,79010,3294
20201112,1196,80206,3325
20201113,1062,81268,3360
20201114,919,82187,3398
20201115,812,82999,3431
20201116,1275,84274,3464
20201117,1225,85499,3500
20201118,1115,86614,3522
20201119,981,87595,3548
20201120,864,88459,3577
20201121,763,89222,3610
20201122,706,89928,3646
20201123,1159,91087,3676
20201124,990,92077,3705
20201125,930,93007,3737
20201126,802,93809,3760
20201127,737,94546,3782
20201128,572,95118,3821
20201129,553,95671,3847
20201130,973,96644,3878
20201201,924,97568,3905
20201202,948,98516,3924
20201203,808,99324,3958
20201204,646,99970,3986
20201205,664,100634,4005
20201206,645,101279,4033
20201207,953,102232,4062
20201208,1041,103273,4089
20201209,996,104269,4112
20201210,896,105165,4134
20201211,872,106037,4154
20201212,683,106720,4177
20201213,722,107442,4203
20201214,1102,108544,4234
20201215,1037,109581,4265
20201216,1051,110632,4296
20201217,914,111546,4330
20201218,930,112476,4353
20201219,756,113232,4380
20201220,824,114056,4409
20201221,1323,115379,4433
20201222,1333,116712,4461
20201223,1324,118036,4494
20201224,1022,119058,4530
20201225,521,119579,4564
20201226,1058,120637,4596
20201227,1706,122343,4627
20201228,1825,124168,4657
20201229,3149,127317,4683
20201230,2973,130290,4715
20201231,2379,132669,4758
20210101,1167,133836,4792
20210102,2219,136055,4831
20210103,2223,138278,4872
20210104,2385,140663,4907
20210105,3060,143723,4944
20210106,2560,146283,4992
20210107,2205,148488,5036
20210108,1839,150327,5077
20210109,1497,151824,5114
20210110,1432,153256,5172
20210111,2108,155364,5219
20210112,1989,157353,5269
20210113,1712,159065,5320
20210114,1626,160691,5373
20210115,1554,162245,5431
20210116,1175,163420,5507
20210117,1197,164617,5549
20210118,1738,166355,5610
20210119,1558,167913,5680
20210120,1587,169500,5743
20210121,1243,170743,5799
20210122,1244,171987,5864
20210123,936,172923,5917
20210124,864,173787,5982
20210125,1313,175100,6034
20210126,1173,176273,6079
20210127,1114,177387,6133
20210128,1119,178506,6171
20210129,960,179466,6213
20210130,780,180246,6233
20210131,804,181050,6254
20210201,993,182043,6268
20210202,224,182267,6269
